###############################################################################
#
# Data for R-replication of reliability analyses
#   - DECA (deca, decaB, decaM, decaR, decaW) is a sample dataset distributed
#       within Survo software (https://www.survo.fi),  see Chapter 5.1 in 
#       Vehkalahti 2000. http://hdl.handle.net/10138/10570
#   - Correlation matrix (CRF) from the example of Religiosity and Fatalism in
#      Heise & Bohrnstedt (1970). Validity, invalidity and reliability. In 
#      Borgatta, E. F. and Bohrnstedt, G. W. (eds.), Sociological Methodology.
#      Jossey-Bass, San Francisco. pp. 104−129.
#   - Factor and moment matrices related with CRF (FRF, MRF) calculated as
#       in pages 50-51 of Vehkalahti 2000. http://hdl.handle.net/10138/10570
#
# Author(s):
# Reijo Sund (ORCID: 0000-0002-6268-8117), https://connect.uef.fi/en/reijo.sund
#
###############################################################################

deca <- structure(list(
  Name = c("Skowrone", "Hedmark ", "Le_Roy  ", "Zeilbaue", "Zigert  ", "Bennett ", 
           "Blinjaje", "Katus   ", "Berendse", "Gorbacho", "Kiseljev", "Gough   ",
           "Sherbati", "Ghesquir", "Avilov  ", "Kratky  ", "Schreyer", "Linkmann",
           "Thiemig ", "Pernica ", "Stroot  ", "Bugay   ", "Evans   ", "Tselnoko",
           "Ivanov  ", "Janczenk", "Demmig  ", "Schulze ", "Andres  ", "George  ",
           "Jenner  ", "Swoboda ", "Apt     ", "Herbrand", "Tregubje", "Kozakiew",
           "Jachmien", "Pold    ", "Nikitin ", "Ormanov ", "Brigham ", "Hoischen",
           "Wanamake", "Novik   ", "Samara  ", "Schoebel", "Bogdan  ", "Dzhurov "),
  Points = c(8206L, 8188L, 8140L, 8136L, 8134L, 8121L, 8100L, 8020L, 8016L, 7977L, 7949L, 7938L,
             7927L, 7905L, 7903L, 7876L, 7865L, 7849L, 7848L, 7844L, 7842L, 7840L, 7819L, 7812L,
             7812L, 7806L, 7804L, 7799L, 7794L, 7777L, 7771L, 7769L, 7750L, 7743L, 7733L, 7679L,
             7692L, 7686L, 7680L, 7676L, 7673L, 7663L, 7662L, 7662L, 7651L, 7650L, 7651L, 7649L),
  X100m    = c(853L, 853L, 879L, 826L, 879L, 905L, 879L, 853L, 804L, 853L, 879L, 756L,
               853L, 756L, 712L, 828L, 853L, 905L, 905L, 804L, 932L, 780L, 756L, 853L,
               780L, 864L, 905L, 905L, 828L, 780L, 804L, 853L, 828L, 804L, 756L, 780L,
               756L, 828L, 905L, 905L, 733L, 733L, 756L, 828L, 932L, 828L, 759L, 747L),
  L_jump   = c(931L, 853L, 951L, 931L, 840L, 859L, 848L, 828L, 848L, 830L, 869L, 945L,
               887L, 820L, 863L, 909L, 875L, 861L, 774L, 802L, 881L, 794L, 780L, 832L,
               791L, 889L, 828L, 816L, 828L, 867L, 816L, 842L, 808L, 877L, 861L, 804L,
               806L, 728L, 828L, 725L, 767L, 782L, 857L, 814L, 909L, 806L, 871L, 798L),
  Shot_put = c(725L, 814L, 799L, 793L, 924L, 647L, 785L, 772L, 795L, 815L, 792L, 798L,
               643L, 773L, 734L, 730L, 782L, 763L, 751L, 675L, 644L, 702L, 772L, 759L,
               711L, 760L, 765L, 769L, 612L, 654L, 726L, 701L, 768L, 743L, 736L, 665L,
               774L, 760L, 751L, 751L, 777L, 712L, 685L, 742L, 604L, 647L, 722L, 835L), 
  Hi_jump  = c(857L, 769L, 779L, 865L, 857L, 779L, 804L, 751L, 831L, 822L, 891L, 831L,
               840L, 813L, 925L, 796L, 804L, 788L, 804L, 822L, 769L, 900L, 925L, 725L,
               891L, 891L, 707L, 707L, 788L, 769L, 857L, 769L, 743L, 857L, 769L, 788L,
               900L, 813L, 751L, 725L, 917L, 857L, 813L, 822L, 707L, 715L, 689L, 689L),
  X400m    = c(838L, 833L, 838L, 875L, 788L, 938L, 766L, 838L, 819L, 784L, 784L, 762L,
               838L, 847L, 788L, 838L, 766L, 792L, 889L, 819L, 898L, 852L, 792L, 842L,
               784L, 819L, 889L, 829L, 880L, 866L, 797L, 797L, 801L, 732L, 736L, 829L,
               762L, 788L, 880L, 838L, 699L, 716L, 842L, 740L, 779L, 819L, 810L, 792L),
  Hurdles  = c(903L, 914L, 881L, 891L, 892L, 859L, 807L, 987L, 837L, 817L, 938L, 892L,
               892L, 827L, 883L, 903L, 881L, 962L, 870L, 870L, 859L, 870L, 777L, 777L,
               881L, 726L, 938L, 881L, 837L, 851L, 848L, 797L, 837L, 903L, 827L, 757L,
               777L, 848L, 817L, 837L, 748L, 848L, 848L, 870L, 837L, 848L, 799L, 789L),
  Discus   = c(772L, 855L, 819L, 729L, 866L, 651L, 897L, 748L, 801L, 762L, 731L, 874L,
               607L, 808L, 758L, 722L, 795L, 794L, 787L, 695L, 710L, 725L, 784L, 746L,
               715L, 773L, 738L, 752L, 671L, 626L, 774L, 709L, 749L, 719L, 732L, 653L,
               799L, 774L, 657L, 765L, 809L, 688L, 744L, 741L, 717L, 722L, 658L, 757L),
  Pole_vlt = c(981L, 884L, 1028L, 909L, 920L, 1028L, 909L, 960L, 884L, 859L, 807L, 807L,
               932L, 807L, 909L, 859L, 884L, 909L, 884L, 957L, 832L, 859L, 874L, 832L,
               909L, 909L, 832L, 909L, 957L, 932L, 837L, 859L, 981L, 884L, 981L, 1052L, 
               832L, 859L, 809L, 920L, 1005L, 859L, 780L, 909L, 957L, 909L, 909L, 909L),
  Javelin  = c(818L, 975L, 758L, 774L, 671L, 794L, 820L, 755L, 755L, 848L, 762L, 794L,
               781L, 807L, 772L, 695L, 767L, 665L, 679L, 721L, 731L, 703L, 828L, 889L,
               842L, 797L, 701L, 731L, 736L, 736L, 765L, 834L, 675L, 703L, 748L, 740L, 
               745L, 696L, 677L, 650L, 738L, 856L, 773L, 761L, 704L, 820L, 765L, 726L),
  X1500m   = c(528L, 438L, 408L, 543L, 497L, 661L, 585L, 528L, 642L, 587L, 496L, 479L,
               654L, 647L, 559L, 596L, 458L, 410L, 505L, 679L, 586L, 655L, 531L, 557L,
               508L, 378L, 499L, 500L, 657L, 696L, 547L, 608L, 560L, 521L, 587L, 629L, 
               541L, 592L, 605L, 560L, 480L, 612L, 564L, 435L, 505L, 536L, 669L, 604L),
  Height   = c(184L, 195L, 191L, 192L, 198L, 173L, 190L, 184L, 189L, 186L, 191L, 190L,
               183L, 190L, 190L, 185L, 184L, 195L, 194L, 188L, 182L, 190L, 188L, 191L,
               186L, 182L, 188L, 184L, 180L, 184L, 188L, 182L, 190L, 190L, 184L, 177L, 
               192L, 190L, 182L, 187L, 184L, 187L, 188L, 175L, 183L, 188L, 186L, 194L),
  Weight   = c(81L, 90L, 90L, 84L, 105L, 68L, 90L, 81L, 89L, 87L, 91L, 93L,
               82L, 87L, 87L, 85L, 84L, 100L, 94L, 83L, 78L, 83L, 95L, 94L,
               86L, 81L, 86L, 82L, 68L, 82L, 84L, 75L, 89L, 88L, 86L, 76L,
               90L, 86L, 85L, 84L, 87L, 83L, 88L, 78L, 80L, 88L, 81L, 93L)
),
class = "data.frame", 
row.names = c(NA, 48L),
status.info = "Survo data file DECA: record=62 bytes, M1=21 L=64  M=14 N=48",
status.description = "Best athletes in decathlon in 1973", 
status.varname = c("Name     Name of athlete                               ",  
                   "Points   Total score                 (####) {7000,9000}",
                   "100m     100 meters run              (####) {500,1200} ",
                   "L_jump   Long jump                   (####) {500,1200} ", 
                   "Shot_put                             (####) {500,1200} ", 
                   "Hi_jump  High jump                   (####) {500,1200} ", 
                   "400m     400 meters run              (####) {500,1200} ", 
                   "Hurdles  110 meters hurdles          (####) {500,1200} ", 
                   "Discus                               (####) {500,1200} ", 
                   "Pole_vlt Pole vault                  (####) {500,1200} ", 
                   "Javelin                              (####) {500,1200} ", 
                   "1500m    1500 meters run             (####) {400,1200} ",
                   "Height   in centimeters              (###)  {160,210}  ",
                   "Weight   in kilograms                (###)  {50,120}   ")
)

